% 2 dimensions
% 1000 points
0.767845926948525 0.4322394723952452
0.5060169103795048 0.4727588395477056
0.4804711803323495 0.5371427013757242
0.4890869599938398 0.5379657396198835
0.6026744956132075 0.22665961321637434
0.5666306363558598 0.2482989546598628
0.5343649622129475 0.4997657129345383
0.5056314990687841 0.4955726114155071
0.47929366361283116 0.5042570427707354
0.5577516706315139 0.4668092120063818
0.7258148211239028 0.46219562757348914
0.4977412945016659 0.5040058119201329
0.56277549958934 0.7214496212894428
0.5233188683789208 0.48811446265598485
0.5024046695271723 0.49736900284394264
0.5330877462385454 0.7445630939631473
0.3698373835218237 0.6755279065021214
0.5576988960410594 0.25028114363934983
0.31560890586619883 0.4299158126898506
0.6004102509536834 0.6902499667365388
0.7072233612278033 0.6921823298722993
0.30461201161972185 0.3039672050833251
0.5077843684903799 0.763416327448309
0.6761685758733014 0.6620207348138603
0.6589088409795217 0.7842363969537488
0.7120419147759134 0.6431894843100807
0.5858132376304579 0.31085645970997056
0.47459614770573144 0.4943112538192496
0.6985522266338378 0.4148198892124658
0.6762723180233304 0.5618920191336133
0.4959580444531451 0.49793381313317325
0.3296573144689968 0.39159418427987924
0.6563822777610535 0.39305656438330483
0.4790303912492007 0.4457766411245361
0.5018613048220314 0.4992577972900179
0.26029106999693985 0.5095033418684158
0.2406090006533721 0.493349386325067
0.34035589248079196 0.3445889512325643
0.4781672946196806 0.5103558186309964
0.4985113354187417 0.7571028567399513
0.5031581616858869 0.4999380951771218
0.5023350901237758 0.4985437960063114
0.7052656495206517 0.5191234910578008
0.5016960172639873 0.4918783010381624
0.6701603563166415 0.5948897918716912
0.5036772847737842 0.49861472807026236
0.3633549182860911 0.2469623126826893
0.5161278569585845 0.5154145647191214
0.6495921897362517 0.7098763254431746
0.5473874745504059 0.7427802080510476
0.2922661150585334 0.3303105907383627
0.7145302641496194 0.5591004732090888
0.7188353831779501 0.32169196062577904
0.7790356699007026 0.5019278281697066
0.7237191779943212 0.46485890628181026
0.45273269909448877 0.27281628581980455
0.23809075154237047 0.5746639085835618
0.514488797885557 0.5106580544269287
0.49819899389743827 0.49549532221016973
0.5091512531525071 0.5267166327199079
0.5298737428684014 0.4769225928474113
0.4702645273223412 0.4823509719845974
0.4938233319633664 0.5074315468405183
0.42887072987698166 0.6801766254844137
0.46492781968607333 0.4674036015871788
0.5317325662300478 0.5200556152251202
0.7180759178724575 0.35782676065732455
0.4884527110387649 0.5136599158300342
0.5247287289290516 0.4969498617205728
0.504416401300189 0.5315906904467274
0.30016753310018446 0.39628726470027525
0.4998024856047196 0.4994518578030081
0.2871906123328981 0.30418608204829367
0.531997819175325 0.764145911281131
0.5060484397649351 0.464404317827129
0.4906810087970755 0.5172605404103059
0.6636936915742825 0.34560662712685997
0.5010975936292003 0.4997571575874951
0.5023025404299576 0.48907704622100956
0.2668082334494245 0.3986443333746488
0.5024299004168757 0.510439894754738
0.48993502318311355 0.5144496890635022
0.5484014796174778 0.30473385556215116
0.49895754308373913 0.49596253995284695
0.532252619440151 0.47284496208012927
0.4879583926833649 0.4834971226874316
0.4044975108884136 0.7612603625504493
0.4326729624866221 0.4847818923772451
0.3398982033498703 0.3346115888345852
0.21878641592231246 0.5539218159785794
0.5014268148806185 0.5014228199682745
0.3440248265892605 0.6673313262731604
0.5007053440480919 0.500801652645696
0.7855943009696468 0.4741044145025603
0.505748483423285 0.5005803966620833
0.5064003621663046 0.5113310951527366
0.39958889754144195 0.3014830414541412
0.5670809102688036 0.2839892943440433
0.28278396097608516 0.3049085958778024
0.48589285680829253 0.47248237016645983
0.4969522009571719 0.4973471844135871
0.3731112713448274 0.30442009558813754
0.660466184239799 0.5962392768335049
0.73865900703197 0.5379585569920271
0.5284243213373018 0.5126071359320696
0.5074849505308069 0.4923530277462754
0.2979354602929185 0.48985694185353756
0.690572629694931 0.5304013287681665
0.5088057888179511 0.5090794172375747
0.33934041798528586 0.3117364636744849
0.6899470956258347 0.6515170532372783
0.6928819930005599 0.5666341486625187
0.5227013981551613 0.49612679736719
0.7477653892956002 0.4364063683253695
0.470455000545831 0.49404631221266215
0.4774826696381362 0.5272832270042869
0.7225628599676447 0.5527061602443512
0.4100225003222428 0.7083854325848344
0.2238114053920397 0.39340700094005354
0.4751015197332335 0.2613310524688095
0.7317854217485932 0.3678980388688252
0.5436161452781478 0.4961096599881579
0.672221649381083 0.5866225529836118
0.2772005598593645 0.6681028873925793
0.45848244674217276 0.4982318375355073
0.51518097021115 0.5172916805287643
0.38298427234945265 0.28844302901621655
0.544042641110318 0.30537397861417975
0.6960315724306427 0.3060568255608687
0.4307189956896424 0.47943941338422735
0.5073632042700434 0.5013550754456474
0.47138560374343624 0.4599586434492684
0.5115649057589301 0.4927091334929376
0.4739198573412996 0.5453720367459186
0.5559904771181643 0.32456276265446804
0.5321431305042111 0.48637191373043503
0.5643319956098931 0.21953755461197122
0.5808056647067211 0.7545415760548895
0.26567938865893476 0.5217138179231166
0.49755562093902733 0.2511967485993983
0.49634906576654947 0.4985249893145331
0.47344932176450466 0.4726788831380094
0.24524114620940984 0.385209875841409
0.5174694085809638 0.5008367956761739
0.4930807150778066 0.5228440003863872
0.5909514563707411 0.7095070265245762
0.7803387882910495 0.5194504406867727
0.5134787026915467 0.4759189839254031
0.6401067044672969 0.2780882706049467
0.4968965325575257 0.5175131389410239
0.6825685932328163 0.29703531605361067
0.6735862732085134 0.3426955996926616
0.39581509433826567 0.7267221161946614
0.5117183574041095 0.5216043996480849
0.24988493048456772 0.4402183326279507
0.5028641017168699 0.4601738059572301
0.5102617058594355 0.517695638731157
0.5045106077958379 0.5036115432709153
0.23044942517363082 0.41721748937978087
0.6981259104599891 0.6620303228851749
0.7504693505164556 0.5259537981528583
0.49472332406442987 0.7441722697086035
0.6524186229243122 0.3180844189353992
0.4846053672087068 0.23018740896357742
0.6976560349469266 0.6664617878156238
0.3036393719021394 0.5828089269499708
0.5120644452313582 0.47765188922867186
0.5281376148282247 0.24648273139905452
0.4964376768066356 0.49871725210617207
0.5058775729965207 0.49480762023049935
0.6633202254024354 0.64304740025711
0.5210277629916814 0.5037233144651359
0.5147060471081651 0.45624332634352804
0.5004003828271671 0.5008715232982341
0.49096482992816415 0.5006986994558237
0.512425686183265 0.5040722175769724
0.5133098592719417 0.5142467750055418
0.4759490184212767 0.478456270365835
0.7098053731860018 0.6919573659016401
0.5274465856519093 0.24242205613291123
0.5500495967115918 0.8017421967543702
0.5066371173114775 0.4976295323983985
0.738277470808482 0.28855213742960706
0.5520968573822354 0.489501410759725
0.34235680634651594 0.27126646537524374
0.4768305535235368 0.5329560646984757
0.4984934907365948 0.48746693785358525
0.5269907261777936 0.5193596933423049
0.5134818399310259 0.25931656732928765
0.5018312329346818 0.4450030851068242
0.2699893185089828 0.5925197944714684
0.336924863167113 0.5470664442837821
0.490023499621187 0.49899829084660335
0.760957816939199 0.4160933727685895
0.5001620153629528 0.5004844608324509
0.5144641422371832 0.7475192974243593
0.4981509226189381 0.49529329840773917
0.699050894792807 0.3059301539712652
0.5664624371927139 0.24266179268486648
0.48055149739644065 0.5191095928051896
0.46546774268069946 0.7751868990556761
0.5183196947997739 0.4874378240121696
0.5075960557397504 0.7345938168233171
0.6793274963760242 0.6787029420906086
0.5003627065865129 0.4704540106631111
0.5129004633067473 0.25007255261595834
0.6288977156039111 0.6659337705127703
0.4985564083407371 0.4984279248389608
0.5004223890331136 0.501662345145968
0.4656570131889548 0.4660651884513173
0.5067509238467531 0.4788968758283764
0.49252133186527214 0.5105325942137124
0.500928206330059 0.497288196802659
0.3034885254354818 0.681865190115637
0.47552678020725236 0.5463863180605948
0.21807722494866494 0.566385617872142
0.6715305166722738 0.29573975433789246
0.5270838137976345 0.527932838254667
0.713987568136521 0.6694539701154644
0.46231732802851583 0.5230755445234503
0.20469944895530284 0.5283309942267448
0.5009834003795314 0.5226423638846406
0.30870299088017983 0.5961895310933939
0.48175462054306634 0.4843802466163182
0.6317746711258138 0.37606543049318
0.4346068134267988 0.5161555766371667
0.5010775467162517 0.4929051944906971
0.4840348605737639 0.5037798814001359
0.5134213687453705 0.510496266920172
0.6634862281682168 0.3132168038950398
0.753143110840673 0.5630638911722122
0.42941938567729887 0.3262037393051833
0.5188457852335809 0.2723986881399738
0.5217199189218696 0.4800102656997349
0.7480262271582458 0.5560909013627484
0.4940479068322593 0.448286972924841
0.6510386555469919 0.7006998818298908
0.5103048707649981 0.500605855077791
0.4208855693194642 0.7321504319144037
0.7061462438615241 0.3061762621003975
0.2828107830420885 0.34297566042335137
0.3720242713590035 0.6293142390457416
0.513922233637375 0.24292887407587138
0.5102264750127239 0.5018205336840412
0.6769347079173514 0.27541045544426285
0.7226814850558211 0.7004387674557959
0.5878124455579627 0.7053176202185533
0.48791127627057973 0.46919823860556337
0.5112472486629758 0.48503532629699425
0.4966667413663429 0.7227555577693773
0.45231464108641195 0.49606160760697005
0.695660755370544 0.5431652205669983
0.3221560626298209 0.30994925206090596
0.49715748860120845 0.5039230831809708
0.24977150724367325 0.6046556817693336
0.535516212229234 0.42984846389758696
0.3994859096536919 0.23439444988026453
0.7312280279915642 0.368006629094346
0.5031466477686058 0.24106105662011978
0.3613952964712048 0.27763149556532424
0.5319199573460676 0.4730093771719086
0.5085045892480161 0.48996980353557035
0.5003955760493959 0.5042322565784287
0.541209881204864 0.5376443797876268
0.49980635375466853 0.49879021963221565
0.467493470964633 0.522017754362297
0.5000587253441248 0.499920593596133
0.7232609480279133 0.5542621284421587
0.5276309424072929 0.45764551671050646
0.31756495581086025 0.5637510997267269
0.777756266678028 0.6158415020961824
0.48439080045834476 0.46189801420549365
0.6081636978894251 0.30377979833600727
0.5008126519166194 0.49978233029821
0.49481319078150204 0.48172759969517837
0.6978453481310174 0.6790423518355069
0.5009664513401846 0.5031209680954263
0.4734713847551864 0.503257047475771
0.5061418815259564 0.5239655837540109
0.3597469758245455 0.2478028570271888
0.6948569071121156 0.32597578211931244
0.5684567430748961 0.31154917093094037
0.530339500828811 0.5073503401733489
0.522652576191235 0.47320443124405637
0.49879380875365664 0.5404090300078986
0.6756700883433422 0.6499149357590598
0.5164420800376814 0.4759215661927065
0.44647778192426546 0.2311079238674636
0.7485761024299961 0.508000177666517
0.5148951852604039 0.48852428347888516
0.5054771566961467 0.5000215101523173
0.48590019487092073 0.4959729622047542
0.7083067142880064 0.5636537646690847
0.5760918492963187 0.33865546136011726
0.5016692248843377 0.48385767889504777
0.5602440147791408 0.4869681125966915
0.5075589243323323 0.4994844697376365
0.6096250452031021 0.216735779950536
0.49037867966720894 0.5035088911724561
0.46591018063292655 0.4743581888880533
0.3181717693913742 0.27948243731114125
0.4998721926578587 0.502685313276665
0.4966770024176419 0.49849891271904395
0.6695640000097014 0.7139402591730293
0.6816084040789193 0.6284039149870245
0.4503642848621482 0.7446793621094565
0.5127792925810473 0.5499959781585937
0.29309470598265186 0.6346949706712411
0.6101345015804753 0.22091747601342365
0.500162349667857 0.5330062185202269
0.47775968304723115 0.4958483580740501
0.4735471046992355 0.5292404748307642
0.5428752247706718 0.24143882403265365
0.501066512014794 0.4961654693278684
0.5391613263727502 0.5118715488982647
0.4977308355038787 0.503913369295865
0.5104280083649779 0.518521727709464
0.5571002051051476 0.2848257078219524
0.22069511950764392 0.4128914767944571
0.500126625581403 0.4911359626911277
0.4837593207240238 0.5042528008122512
0.4118016797025181 0.2730835283576035
0.4800123737166263 0.4994836697419052
0.28667163281763963 0.446217719127517
0.508120984711985 0.5015420163014692
0.5092794729969771 0.5254313151120301
0.37609145886267975 0.23853709391709726
0.5003723032679752 0.5001662716276064
0.7378205376110972 0.3491301065375536
0.34279989394358823 0.37089407555927434
0.5062481692676326 0.24131794205072238
0.4979547999330819 0.5278881075189982
0.2992857513611551 0.361840202190999
0.2706372179509875 0.46984267722947987
0.4936555574353667 0.5128494210789731
0.6505256743971182 0.7038546112402209
0.26406373355543433 0.4334300967739604
0.4230756044663579 0.299491366840246
0.49489249953412223 0.5317051445597799
0.5220473606732252 0.7320840242343607
0.4787835616552483 0.23719933727587522
0.28531738113288563 0.21978064826580573
0.2518172028204939 0.534991382641511
0.5168731391219883 0.48133882690937296
0.5296142157594338 0.4980954605545436
0.48405328817887433 0.4877546614853502
0.3673527353504157 0.6825244008912686
0.5011782439380772 0.2704397647366862
0.4845245243902692 0.7517881862269046
0.5298251174239028 0.509939832683905
0.5550161929018036 0.48633048067252654
0.7235104306307502 0.6002447471719438
0.3124223899820341 0.4416028334985041
0.49333300866018853 0.5064289583335325
0.2910984962170221 0.573566712482352
0.282512751889927 0.3418712854972741
0.4982652462383061 0.5008692554617779
0.8026882656093044 0.5529328111664469
0.5620613665001232 0.7465475892037271
0.2816674652863573 0.3925273474183485
0.5034116198035045 0.5047087933411056
0.49802089047559983 0.5006533800640574
0.48932286343976644 0.4835572849207691
0.689752255939237 0.6503193201177351
0.49686504495746187 0.4960040940571324
0.4954884590827179 0.4869986374948594
0.27136632249863457 0.4822745958849824
0.2830856408065954 0.4033823671977961
0.5064616430021665 0.46940742887295783
0.5536763157517639 0.47779325468583767
0.5034066094941753 0.5053314459828734
0.3256260562174055 0.582795350679581
0.4972482228441005 0.5380953970939073
0.5211181275970048 0.5061504353813581
0.4913435054549279 0.5175836425566994
0.5342934183504784 0.48341739198668787
0.5150286097459215 0.4850414123561781
0.5292658379013451 0.5495612224072922
0.2897134166328559 0.4132918101005737
0.5193144724971822 0.5314994639195781
0.5317772328774373 0.5148478097372711
0.4781896444765729 0.47888511001621203
0.25438575225351934 0.41878550272721027
0.503255182736045 0.4912247794947467
0.728804561956238 0.5482736493116096
0.522116185621215 0.5163927156196629
0.5801145181861078 0.7595267465889689
0.5107371786336987 0.481893962254068
0.5319257654852715 0.518524981046788
0.5232336912321118 0.2285584680422436
0.49877047408993974 0.49931114584765046
0.30372192619779687 0.32103676480249177
0.4843482920790184 0.5253898273070204
0.34641908054509973 0.6980313223644494
0.5083982351259115 0.25602040083325045
0.25655752191283265 0.5512118099765875
0.5005669398550461 0.49910346196682276
0.5041636014578988 0.5122147805636639
0.5967768002658584 0.7456221400284625
0.3082774234411626 0.452439964529625
0.3478548305874245 0.6191274765937285
0.49667333524880675 0.5082162066537753
0.5247379053106961 0.5103758762238558
0.7000496400710742 0.2954632948126392
0.4176686053058547 0.3467988019897156
0.5234409039715691 0.49671531558377136
0.36192628171073143 0.6482145488119764
0.4748608845768447 0.4748575169255363
0.49788933754486153 0.5026296932791765
0.6324208669419196 0.7656545841366501
0.5373365671445721 0.5300494947997861
0.23112395748392023 0.5063861234956014
0.49295632165172953 0.5161651313270182
0.4989159804645677 0.4987495400149867
0.20971929886770663 0.5019684873809962
0.33774131247229167 0.734514374222788
0.5882031462234483 0.7910671275672816
0.4967281725261604 0.4958443002787795
0.5122597927252446 0.5285559098979449
0.47696898222542333 0.46573411205133436
0.5639165858827724 0.2606787532754552
0.5883542507760542 0.7468999306439229
0.48390906268829664 0.522760665451369
0.6953856884213363 0.7018802234635153
0.277690862991801 0.59807588271451
0.4967052711506957 0.5005700786733643
0.3037025737198815 0.5347487639403836
0.7561765718587559 0.4159551912652779
0.5224536494038436 0.4957991091950917
0.5104079377135894 0.4801609336206592
0.5426766226059674 0.5269160106227782
0.5192539403374529 0.5143283972776567
0.6806642024168891 0.3296399213320198
0.29416521700805653 0.508938429452978
0.8055329235173729 0.41169267993090713
0.42687096049469514 0.7397079325800949
0.5142662199619497 0.4838999427926249
0.500595553300848 0.5065095595974946
0.5158387352784511 0.4851209572297796
0.7294679997604098 0.4421738746184106
0.48763358646200616 0.526305180951571
0.46593887405513895 0.4948004644637055
0.5547902753740348 0.5008261956144884
0.6646899564063791 0.6982356447307544
0.6873023243931733 0.6426341602695882
0.5001180015710357 0.522936434616447
0.7076798961099436 0.38169831264255893
0.30603230079677574 0.37558008674220766
0.6886419694611922 0.37474125846245965
0.5073892198714027 0.46929200756067735
0.4924240191745987 0.528887392970285
0.45687579843752907 0.5069360701841946
0.6598079292399659 0.27298613567064756
0.49739125694051395 0.4862425464111078
0.49636811392161073 0.48000197709917364
0.5049100213064526 0.48903279616278994
0.6246000512079625 0.3976955925222484
0.5052032641464426 0.5036221998644901
0.7635946672220675 0.5922430443649552
0.49298629374209024 0.5081881292805442
0.6698959164224066 0.6639594873994427
0.49008807662740483 0.4877175690861827
0.5003715350535062 0.5442156610240058
0.4989012793036168 0.48151221357371976
0.6928665861247032 0.6820390357118078
0.49071685456333947 0.48918329654780884
0.4942544849346108 0.258548543120939
0.5012741029614274 0.501164704128199
0.5304386044809399 0.5243069482940401
0.3167807650865338 0.665811927918396
0.7242753610755281 0.5269539761016746
0.329384823763633 0.33839261348957467
0.7314653611226171 0.33819808913599425
0.7384798114916367 0.6416067144625601
0.4951964910648001 0.5028466505221686
0.6994574497599986 0.387895773083439
0.47865456256471434 0.4746435127616979
0.5369462069871208 0.5020966611651423
0.5880863221781338 0.7654683934290822
0.5415048929561367 0.48071636798955525
0.4827499022680281 0.4696443665871383
0.7381755313121795 0.6277865698114107
0.29616757882204925 0.342656703480254
0.5255227004815772 0.5039901083247187
0.4996789303688647 0.4997689024626954
0.5005688007909107 0.49994093937990347
0.7505262143863569 0.4130985514975383
0.5052582511212812 0.2610696961629507
0.518784693508981 0.521970016538736
0.2333158977399865 0.4257954221556849
0.3562216232460572 0.24176249630373614
0.35777044894205984 0.3404546454315873
0.4494296654648031 0.7327635834182661
0.20390978083855332 0.47582768033237455
0.3935697280240914 0.29783554405947404
0.5002441437015898 0.5002918731766198
0.43075326678791426 0.5026695349000935
0.5105316309636235 0.4974205312618039
0.44948016580633654 0.49816051543419765
0.7184340874311897 0.31495688592793947
0.7731755990274384 0.5452603321673969
0.49071933637274656 0.5072321865101586
0.7837979857129311 0.4709088673835749
0.4768126034844099 0.4905628671203875
0.26320575644489885 0.5464500456526201
0.6293131469311993 0.31657498691240127
0.7098354476674668 0.36745701005081693
0.5287038253080864 0.4944075296412392
0.24338939207102617 0.4640743192179503
0.6697600237941814 0.6481559882669153
0.44348422920391334 0.2207082021110074
0.44056073755607683 0.4972775488446819
0.7246254644577061 0.5666473160261933
0.5493946099191229 0.7196654478746876
0.49397080269619126 0.4992098240124383
0.4997218997054447 0.4797059196767782
0.4660767678856304 0.5087078567071931
0.5257609971268123 0.4886898276673065
0.5006253430394189 0.500108558920219
0.3642702085154114 0.2573982126409792
0.5000076903089318 0.49997619968884055
0.4992837430859448 0.500005922545145
0.49704898843319795 0.49913740058212414
0.5766158533953979 0.271287555695599
0.4985157285413822 0.47439834697685807
0.18807061640796047 0.6108770709858099
0.5422566282006437 0.5103028285193196
0.48852589700717625 0.4650506546938853
0.5233102258882733 0.4927566594274319
0.5014662047024807 0.4781015039123489
0.5020024677262321 0.4997303724785456
0.687763483255488 0.3162844865606509
0.36312056861601527 0.2749724405329561
0.4589261494927782 0.5154457377841668
0.4722830478351839 0.24200157115352905
0.5125907264385451 0.4915570826772092
0.4966603772949383 0.5128371506304252
0.4501440934442602 0.703755575489195
0.49796031120844336 0.49230480486991507
0.6423718026238576 0.6781455473257665
0.6120892939944864 0.27032904762435495
0.49081243107184 0.5258405411413908
0.5006212447152644 0.5029801077810448
0.49528031758027513 0.5055748597134758
0.323317640793629 0.5828466852411507
0.4932207196086055 0.5061053391507379
0.5080642574463009 0.5102511629337342
0.5199620645384782 0.5082552690452442
0.4907769827009326 0.49788563647845135
0.27554584759184936 0.3062028135351511
0.5459208617880007 0.22451513702834308
0.48017873505106123 0.5073257084102762
0.5039215707523987 0.4880709185739291
0.5141427775223265 0.48243675001122627
0.4953467097243025 0.5039775116795427
0.4132280913362535 0.7355901649692197
0.5195234600288142 0.26590855223229853
0.5134690212511412 0.4983260226715247
0.5015051123084258 0.49919006200714555
0.6741680265912291 0.34175564011971277
0.42701248629130806 0.7490958068092766
0.4918828032411099 0.5323846284611887
0.7895019287202044 0.5915770015038108
0.7413617823456475 0.502416165720861
0.4856621867627746 0.5464015345671179
0.4885343156091514 0.24293126912539897
0.5282861307066764 0.44328774358656764
0.4872694905451662 0.4683880687145977
0.47943452882759413 0.4715809118925649
0.5071039857598604 0.2400025464028962
0.7924706704889255 0.5625354755465966
0.6004896808227023 0.31242017509221726
0.49686863071450965 0.49609830601122046
0.4970590324637846 0.4985561046241515
0.5145821963711841 0.5067120358615381
0.6190292019639997 0.6778564749237879
0.6300176625872548 0.7390479395187842
0.49947272415273775 0.5005715191086133
0.6711522735563904 0.357157514761693
0.4841525805231492 0.5129920440698434
0.5076345263020494 0.5051393061859502
0.49836077283356744 0.5048118241522193
0.490609350689134 0.4775501054046911
0.670449146016195 0.3135849158805952
0.5230203098851341 0.5153638180136447
0.5155860014061905 0.5035620171553109
0.3843977534422207 0.2639749082980669
0.48841379155108877 0.23886192586835736
0.5528011093426124 0.7589697481904909
0.5017191053855189 0.49482909525893354
0.3544267532383627 0.337454118137021
0.5215722769070963 0.4829334705410005
0.45953279675811703 0.45369847417210324
0.548181039709142 0.5213617501711383
0.471358535188837 0.31752919985758554
0.4578374573070593 0.4566027735209532
0.4960218301327659 0.5230488055620289
0.23659524194472287 0.4963803535146381
0.34006440477685146 0.2792314027713291
0.5126115237987484 0.5029361409481954
0.5043843828885435 0.26945453611485426
0.3999816301561361 0.2753641036382303
0.49988398062494277 0.5015204320108136
0.4962730175184817 0.4995284863810781
0.6214644493240309 0.6639356264270344
0.5072851111156957 0.5053967293956977
0.48464460805118525 0.4991725365598765
0.539653622288719 0.775316020087341
0.5005301700652443 0.5562960845875089
0.6221560098704013 0.29149544759218216
0.3448988405927893 0.7178100605429788
0.5140121168643149 0.25754911584073703
0.6119404715344201 0.2835741785221481
0.48721339263600083 0.5091983504756749
0.46051364527275596 0.5030323127412577
0.4873552575169522 0.47885334321915
0.3405234304284861 0.7119944804053728
0.5501417077809085 0.7540095840098493
0.33264267621287713 0.33160702263399683
0.5001566303573519 0.4996508132426977
0.27597882248618144 0.40477788592255015
0.7065009958168647 0.7095784878572573
0.5044123361303918 0.5030478617157511
0.19725390008906418 0.5383313278667816
0.5123295353810321 0.28769053502816366
0.4948728025922195 0.499938233436862
0.6664705070550011 0.7060303612098817
0.214240352445989 0.5976303906656342
0.5047353893867951 0.4976603055361558
0.49933021731634275 0.5278607315981453
0.4647730908039882 0.7899848421604714
0.2105672322037752 0.5888278750424931
0.33795038326188764 0.6260329008929114
0.5080516797055729 0.46627305947571385
0.5046777222657379 0.49524607831753464
0.21287198710159172 0.43898029260941285
0.3582934043593281 0.6704373192114452
0.5094701995738091 0.5540132066598774
0.5111108691296654 0.5152672215375992
0.4905739625931874 0.5239388038170643
0.4930592032621637 0.470905249739751
0.5406506175858252 0.5250254725893537
0.49497814077333496 0.5064940466434612
0.5117318760691835 0.4633430524906672
0.501243647417213 0.5052455081170468
0.47981535557449523 0.26810921538096644
0.508872436429463 0.4979347834449777
0.5837423250806102 0.7061470715451131
0.7175215137582728 0.43054212720225066
0.35054423064222795 0.23283852166881264
0.4779926876927322 0.5055390178634285
0.55980527606799 0.6900049344936673
0.4362553750314049 0.18062415748337107
0.30137481315804227 0.43110015284483655
0.473079008143655 0.5001360335699188
0.46988178087646043 0.484739513988895
0.49778015514407936 0.493544201054303
0.71198022302348 0.40844771612566927
0.3863212695249255 0.6276633672332923
0.2530191896309649 0.4682259469981098
0.28145955988833005 0.686886991106886
0.7118323305183191 0.6071945151119
0.3029549514401856 0.5720604773534627
0.5184058149009374 0.509925424536629
0.2763588546759243 0.41613525328933854
0.7816663600024072 0.39093065557659845
0.5179150409198869 0.7699807740003023
0.7759293223107546 0.4532740180711273
0.5058530626565497 0.4981209473770398
0.4017703452265427 0.7401824737630467
0.4873651080226626 0.2755071881169224
0.5065607729981509 0.49572376724563827
0.4621386641087456 0.2797852603260502
0.7403317044002296 0.5449147232581479
0.22678966273661233 0.4262124279625795
0.4845512899029945 0.5329095120447662
0.5531183950822189 0.7513813164661738
0.6163579431050235 0.7348888305344705
0.49753077586867295 0.49073700725820807
0.49993700969249527 0.5019347186858049
0.747727606580521 0.4565133109087546
0.49860590866665394 0.4998091166712517
0.7723679791209386 0.4698141691116376
0.3298941213753651 0.3804422828515724
0.5595087902461005 0.7488517930461182
0.4990967935977075 0.5209113224316384
0.5099477654401002 0.7719652149410747
0.25794579362865705 0.4684644790446566
0.49141743076468025 0.5209385036780078
0.5048550548379355 0.5259654941386739
0.49806628483333265 0.5057628531810591
0.5551430122627614 0.4969251194156693
0.4595104073040194 0.8325674373488517
0.49542722629262864 0.4974841758744365
0.5008778657466303 0.49738664025171664
0.49997464633435523 0.5002845428056354
0.5741129624972036 0.7164645451583687
0.5243457402813427 0.5091559520311071
0.4458546682184917 0.7317035056265797
0.5636392019536876 0.5172084900334847
0.49864928624842114 0.49884573357095596
0.5470075582591772 0.5256132620244827
0.6494669913404598 0.3745184588910414
0.25788732999628616 0.5950618355334979
0.3703304332619858 0.6488760063174296
0.28991642340711854 0.5577362924407944
0.5075658350449369 0.5080684431036803
0.5106657769290588 0.5025494929864802
0.4658467000684752 0.5320967019036675
0.48046776940105734 0.5142586029773462
0.35597753838942897 0.665505084959673
0.6589552402317992 0.6750244378160553
0.5204656700497556 0.47508120458986464
0.6883294801091198 0.6718366254409829
0.47533054799338836 0.2620473602652422
0.4990054701042955 0.5023560853914143
0.5233035018182747 0.4536042245061456
0.4966777258146909 0.48922953135087477
0.5614732000857696 0.7727354239553876
0.5325722260268102 0.4452150164032304
0.27118012716369044 0.5810931435633035
0.42760457055400736 0.6997499667758653
0.49976325816729605 0.5017953235688458
0.530419498544084 0.7108474368638784
0.4152952575985961 0.7432915193075925
0.7532818967111701 0.4240298971216676
0.730295376174482 0.6143512110230349
0.5013516338035539 0.5014804051873353
0.4923178567993952 0.4823652518515159
0.4839989242863305 0.7567388204341521
0.43180576460798986 0.22935567649998329
0.48128451134784456 0.4982119979501838
0.5122733790347337 0.5243383998696762
0.5062854476416446 0.5358323815480914
0.5125891202252176 0.4825530388339193
0.7856329519120053 0.43363406504390684
0.5365479991908271 0.5305934703383969
0.25608294750765503 0.6268866852443811
0.5094025007033813 0.4913637680671163
0.2872282286234799 0.6290324009636155
0.4980767005653786 0.49890973579284537
0.5238349400833605 0.49585800252637346
0.49731200952559546 0.5080442283488779
0.6620871871385554 0.34692566842807854
0.5024350649143121 0.45309387015742
0.7299454682769974 0.40368633422974515
0.48206675652747427 0.4900748395944326
0.25415440489916863 0.5185373694359005
0.30556374323766883 0.4087135634071014
0.5019977320960285 0.5097631996566238
0.4511034194425203 0.7713562993211653
0.3861661264286076 0.366144830689275
0.5002500101787288 0.5047824246868674
0.23458567456309948 0.4859051632074547
0.23837640510926955 0.4785647629001251
0.42047733404057774 0.7216567649316334
0.4932846099650012 0.515834955159334
0.5244012529668886 0.5114630054566368
0.4348570690188637 0.7108316077247823
0.7121382228650575 0.40176983766858415
0.48142766940612475 0.5085459274296139
0.535795167915104 0.49899442266523586
0.49908424594576434 0.500236063678891
0.4493133942019606 0.5166611056431182
0.499062664787805 0.49625864027020555
0.7408420291744473 0.5798581119926577
0.2654995621991444 0.41005503982663716
0.5095481286159618 0.48329678370560836
0.32071787806394686 0.3396620089313944
0.5003851271272272 0.5034079700306949
0.4931777996935238 0.4814020219770913
0.28625831710748995 0.6227985548903965
0.7216040072839122 0.4760436254659183
0.5373828732765104 0.5085046647850295
0.7707976876062461 0.3420554233330371
0.6693673907889748 0.6865920855254498
0.4586267487030381 0.5384195013150801
0.7281414041117068 0.6429326643031754
0.41657134794888667 0.2971722110001722
0.30129089595587694 0.43645699435656765
0.5005526917049821 0.5341389568691653
0.5143170284158454 0.5088514428030702
0.35119035784283165 0.27858277333214315
0.5205704798616114 0.5424317860613914
0.5006600376890369 0.4999303269142608
0.26935855999691816 0.6230417466338093
0.4486359114975488 0.7486936956931113
0.5090002505291872 0.46594474542261893
0.4992470621726233 0.5011591690587482
0.48376996676616696 0.4949702028068607
0.49691250743781723 0.49444328009607974
0.23041246560475698 0.4585291411424635
0.5103047210178896 0.5047102858228091
0.6691370883472997 0.6727871851583058
0.4901214767716591 0.5305032627577875
0.4854987700429743 0.49948015893238934
0.5029357900270769 0.47603336984330724
0.6614778822163161 0.6585479454204812
0.3723913737985638 0.3784952384513815
0.5482440950120153 0.48440020193350936
0.7044592247376487 0.6652692241093093
0.5001793568144391 0.4936605873046322
0.5977078437068488 0.309398795262242
0.5864409727223545 0.2888989047637551
0.5133617788241428 0.4957618444869239
0.5148140508788508 0.48706455299421364
0.4515915461897093 0.7813294427865511
0.5077277005867901 0.49816962910446183
0.5521613438895955 0.4801243385430122
0.512045522820313 0.4796991834733384
0.5186527731377881 0.5017676330362938
0.6656794396113106 0.3324298807736634
0.3274478150785872 0.6333588468557841
0.5018829012178001 0.501988726911122
0.2442084674261057 0.6182657590984775
0.4781300744277778 0.4984506029708719
0.5020862017656588 0.4884005971289683
0.666308704399756 0.27834582581008815
0.5141237884307531 0.5180566590804236
0.7128363414432817 0.2968962175705666
0.29663291358138333 0.35348041691978693
0.5449274303462202 0.46094947914973844
0.4881864626932175 0.46319645330921067
0.41270855693126784 0.7559219514558504
0.4535842703058725 0.5051073996068546
0.5636312418219986 0.7079208245195996
0.6647544108517409 0.6845323575913855
0.3609756450147585 0.705039198290244
0.6263279087799869 0.2466848829361567
0.4738895652614427 0.4907439347059096
0.4985053424629856 0.4937897459488599
0.4915902615468854 0.5005253736410994
0.2531240859156873 0.6355913909488115
0.3723278559793027 0.27613143558114317
0.6546549275969012 0.39006948452733187
0.5268300125862884 0.4990025767241887
0.7317636871350154 0.5902394261608132
0.49370460972490704 0.25086925691058903
0.4478633232746144 0.5589292405225766
0.4789484109511709 0.7203443224377569
0.6539351534019541 0.5657633976784706
0.5025445566220167 0.49544596724199025
0.5859913958523052 0.728031590075272
0.6636964327983266 0.31598787882496715
0.28162233491970246 0.47590652256876226
0.6706124220366808 0.3467337989733058
0.486841072711031 0.49307832937930685
0.4624595480038189 0.5406066264304651
0.717142037083455 0.5878323142910391
0.4913821107032261 0.503621767373667
0.7542369571703369 0.56747550249997
0.47573909690177413 0.5107433239032001
0.49838007987929317 0.5089054889385172
0.49391816333011784 0.4803073818961629
0.5255534927297254 0.45983001822552516
0.4945320173136472 0.5085667859072807
0.5071588675696586 0.48813096647727205
0.3621737039026244 0.7055564488016387
0.6691970704717917 0.6511196757192993
0.476776499716992 0.5048185415057621
0.6559989005353373 0.2936652544538331
0.5052739834146672 0.46003447608453435
0.5130708272268721 0.4729638987070451
0.5135149513847013 0.5047308982614943
0.41150957086324974 0.7075672027742368
0.29845449200769514 0.7272937327552595
0.6063749619428423 0.7335830448545515
0.5175391007927042 0.48070741758038377
0.6695017996603614 0.41258379447269056
0.4089949346267121 0.6732129040051529
0.49664537548251747 0.5005694523146347
0.45158149291605804 0.49404069738652323
0.6560305520622103 0.40556527761500405
0.5054003552679227 0.5022358167278367
0.31584374488982636 0.4945834613375157
0.52990545158691 0.4990126951428904
0.45170894357333125 0.5092100580185225
0.5371864145013419 0.5403121497747437
0.5028433083776422 0.5049971081328719
0.601227806295592 0.6706742061817321
0.7651632229546035 0.6052664570127045
0.7337100645521769 0.5580063277433711
0.48916020985882164 0.5042138169257016
0.691981385784362 0.6683469384460433
0.6972946958938602 0.4619102408950658
0.4375612007060758 0.6985527115784553
0.5104755149745782 0.5098386533340327
0.500284658320773 0.4886554024809781
0.5079409605479793 0.5246175109737617
0.7429457025662536 0.43801823027035125
0.5078710819377477 0.4927554793291376
0.717504927685916 0.4027843645916527
0.4397981926210122 0.7041091510094464
0.6092851673551751 0.6818063560008887
0.5508628940926673 0.7324209299152368
0.4905111576245461 0.42789714763510966
0.4828378778567392 0.46699612991425343
0.4948295471497947 0.5077572801410616
0.4921574729334357 0.4999707303865458
0.4848979924637707 0.4518160558644978
0.4700677870233462 0.4803446181587125
0.49213111267696286 0.4826515142980926
0.5032245211443471 0.473610600122569
0.5032684491807553 0.47647214689254125
0.49859509912583616 0.4936311705303508
0.7058837592314895 0.36788208690434987
0.5006691435454883 0.49958428496780655
0.35995705293108765 0.7003044650850987
0.4900235646203008 0.480607902474215
0.6981059076691053 0.5885754336546164
0.7321001735694893 0.3397451631575434
0.4693950857522024 0.21313807758195452
0.23549237838617426 0.6816884550638203
0.5237742654406476 0.5474168575308221
0.40383739023146054 0.2317131787912402
0.7345238475408912 0.35549509768467535
0.5091769021870063 0.5033675705872466
0.476411783564369 0.7292912512330071
0.3717680653220373 0.3072462807965006
0.499992623163374 0.513635231918433
0.4942611021159473 0.49916042330396987
0.5204165616700516 0.49540563953488126
0.5010380677635673 0.46603963220729416
0.7478107719695917 0.42064959012797787
0.6532046007068402 0.32902149582864204
0.7035349879540465 0.6158159547576043
0.6299432268877666 0.3475771886950575
0.3858293428695489 0.73307437067433
0.37698204195245943 0.2702484723560135
0.4779275493669103 0.5181255170665205
0.6860177571085867 0.2770072759045651
0.4993552777121524 0.49872142735976127
0.28026646124120846 0.26961737879264586
0.5214077489314265 0.5040579342413345
0.5085987376861761 0.4972016083074478
0.49790994600705407 0.5012476562074164
0.6445466742828693 0.32673580370521066
0.5153021255534946 0.7442718534026039
0.7323068250120276 0.5491935817570215
0.31391192881584873 0.6256335746131452
0.523017711980731 0.47369183284656274
0.40328680362075897 0.7119401154695376
0.5650686473839892 0.7528696443491194
0.48102523949183956 0.47385791986477693
0.24656269310701634 0.586587886999582
0.5419397831168545 0.49851927484366265
0.32758876713859164 0.7363610514962268
0.2555552703677114 0.49483232776464203
0.4424532055180579 0.5490714164709436
0.21836614774423468 0.5980682763674264
0.2821468225564209 0.42847884309909745
0.5105536239102647 0.48478733213909925
0.5065913159483484 0.5016836986374654
0.5040263248809326 0.5013966942456559
0.5323767725797073 0.43896507360948633
0.7600429072817251 0.4487692333829611
0.5126892358686074 0.25078536938048684
0.7655962486267449 0.5219549974811081
0.7021487734180455 0.3726833523062907
0.5108439232082348 0.29203860731551934
0.46105663856241924 0.2876638768340119
0.7567379997412069 0.41053339454360804
0.5029318842254922 0.4679444365184834
0.33371014299924867 0.4069016927818633
0.6358289189693296 0.6847309062847232
0.46688333205571353 0.24054289442318882
0.5045791817803215 0.46802508923502184
0.4922960203052531 0.4996807275524145
0.5151136981962425 0.5252972538760382
0.5013837440954183 0.4937061078396301
0.3067188967085449 0.37041213555984315
0.42792833875937336 0.28972195551101565
0.3715262436103065 0.3036440463413226
0.49415792277441045 0.5007560177650565
0.5199214834124921 0.4638422324495406
0.5002173804610545 0.49978643481084417
0.5297000880805263 0.4868512202862916
0.5093194686492665 0.48364888115167787
0.499801445935154 0.5000935979072422
0.3778651246184217 0.7100412197251215
0.6047101590985706 0.692986476715639
0.7602850574731828 0.5036471179778104
0.5014450557722516 0.5275288839207752
0.5048861827639488 0.5225848904742041
0.5499487055716169 0.7493729937340351
0.536591077357008 0.47542510585149805
0.49994870920031736 0.500191697255683
0.5165160334004313 0.47083566676417427
0.4995613103089519 0.5174478673472076
0.3596987975890541 0.2991533486632616
0.5059567444547228 0.48285442626074676
0.47382184157758594 0.2537667206831433
0.5088627836497255 0.49184108019206974
0.4799908422053121 0.5398368097854906
0.6354100127336889 0.2914369385230977
0.7582324548424013 0.4199784645284076
0.7263827581440208 0.32737596571440963
0.412263884572973 0.5124662075284384
0.2186413825412002 0.4693310256567638
0.5081195458460507 0.48085762305485646
